tararc12     =          4.566124134645522e-25 ;
tararc23     =                              0 ;
tararc34     =          3.940360221578954e-27 ;
tararc45     =          7.888609052210118e-31 ;
tararc56     =          9.246238670095479e-27 ;
tararc67     =                              0 ;
tararc78     =           4.29574205938102e-26 ;
tararc81     =          1.577721810442024e-30 ;
tarir2b1     =          1.675657392311152e-23 ;
tarir4b1     =          4.031486427356977e-24 ;
tarir6b1     =          6.444714700247824e-24 ;
tarir8b1     =          5.664488799988457e-24 ;
tarir2b2     =          1.675657392311152e-23 ;
tarir4b2     =            6.9972777343994e-24 ;
tarir6b2     =          3.258948261644158e-24 ;
tarir8b2     =          5.664488799988457e-24 ;
tarir3b1     =          6.956915736866802e-25 ;
tarir7b1     =          2.114592557995645e-24 ;
tarir3b2     =          1.013732465931328e-24 ;
tarir7b2     =          1.301452431230188e-24 ;
tarir1b1     =          9.855400610546231e-22 ;
tarir5b1     =          9.855400610546231e-22 ;
tarir1b2     =          9.855400610546231e-22 ;
tarir5b2     =          9.855400610546231e-22 ;
tarsqueeze   =          4.012860265817184e-21 ;
