tararc12     =          4.416169565172059e-25 ;
tararc23     =          7.888609052210118e-31 ;
tararc34     =          3.187786917998109e-27 ;
tararc45     =          7.888609052210118e-31 ;
tararc56     =          9.246238670095479e-27 ;
tararc67     =          1.577721810442024e-30 ;
tararc78     =          4.141914182862922e-26 ;
tararc81     =          1.577721810442024e-30 ;
tarir2b1     =          5.823455282585327e-24 ;
tarir4b1     =          1.887181781780155e-07 ;
tarir6b1     =          5.500659675124014e-24 ;
tarir8b1     =          6.535969599353264e-23 ;
tarir2b2     =          5.823455282585327e-24 ;
tarir4b2     =          4.300862787146862e-22 ;
tarir6b2     =          4.898246644240461e-20 ;
tarir8b2     =          6.535969599353264e-23 ;
tarir3b1     =          4.904900111429015e-25 ;
tarir7b1     =          8.281355898571661e-24 ;
tarir3b2     =          3.470558905280883e-24 ;
tarir7b2     =          6.281578564257527e-23 ;
tarir1b1     =          1.064324292955995e-21 ;
tarir5b1     =          1.064324292955995e-21 ;
tarir1b2     =          1.064324292955995e-21 ;
tarir5b2     =          1.064324292955995e-21 ;
tarsqueeze   =          1.887181781780693e-07 ;
