tararc12     =          4.633366638206561e-25 ;
tararc23     =          7.888609052210118e-31 ;
tararc34     =          3.187786917998109e-27 ;
tararc45     =          7.888609052210118e-31 ;
tararc56     =          9.246238670095479e-27 ;
tararc67     =          1.577721810442024e-30 ;
tararc78     =          4.141914182862922e-26 ;
tararc81     =          1.577721810442024e-30 ;
tarir2b1     =           6.70939448937715e-24 ;
tarir4b1     =          5.141574236341642e-24 ;
tarir6b1     =          5.563751696039868e-24 ;
tarir8b1     =          2.735625330459485e-23 ;
tarir2b2     =           6.70939448937715e-24 ;
tarir4b2     =           3.03651328504612e-23 ;
tarir6b2     =          4.205215749369428e-09 ;
tarir8b2     =          2.735625330459485e-23 ;
tarir3b1     =          4.904900111429015e-25 ;
tarir7b1     =          8.281355898571661e-24 ;
tarir3b2     =          3.470558905280883e-24 ;
tarir7b2     =          6.281578564257527e-23 ;
tarir1b1     =          1.064324292955995e-21 ;
tarir5b1     =          1.064324292955995e-21 ;
tarir1b2     =          1.064324292955995e-21 ;
tarir5b2     =          1.064324292955995e-21 ;
tarsqueeze   =          4.205215749373871e-09 ;
