tararc12     =          4.596266509834016e-25 ;
tararc23     =                              0 ;
tararc34     =          3.940360221578954e-27 ;
tararc45     =          7.888609052210118e-31 ;
tararc56     =          9.246238670095479e-27 ;
tararc67     =                              0 ;
tararc78     =           4.29574205938102e-26 ;
tararc81     =          1.577721810442024e-30 ;
tarir2b1     =          8.645495097910797e-24 ;
tarir4b1     =          1.359870233633664e-24 ;
tarir6b1     =          1.231728471131694e-23 ;
tarir8b1     =          1.053728863951542e-22 ;
tarir2b2     =          8.645495097910797e-24 ;
tarir4b2     =          3.915007760958086e-22 ;
tarir6b2     =          4.706753753655026e-24 ;
tarir8b2     =          1.053728863951542e-22 ;
tarir3b1     =          6.956915736866802e-25 ;
tarir7b1     =          2.114592557995645e-24 ;
tarir3b2     =          1.013732465931328e-24 ;
tarir7b2     =          1.301452431230188e-24 ;
tarir1b1     =          9.855400610546231e-22 ;
tarir5b1     =          9.855400610546231e-22 ;
tarir1b2     =          9.855400610546231e-22 ;
tarir5b2     =          9.855400610546231e-22 ;
tarsqueeze   =           4.58520716102788e-21 ;
