tararc12     =          4.494006470690217e-25 ;
tararc23     =                              0 ;
tararc34     =          3.940360221578954e-27 ;
tararc45     =          7.888609052210118e-31 ;
tararc56     =          9.246238670095479e-27 ;
tararc67     =                              0 ;
tararc78     =           4.29574205938102e-26 ;
tararc81     =          1.577721810442024e-30 ;
tarir2b1     =          2.778530595654333e-24 ;
tarir4b1     =           1.71967824868225e-23 ;
tarir6b1     =          5.833722587163099e-24 ;
tarir8b1     =          7.144098324320687e-23 ;
tarir2b2     =          2.778530595654333e-24 ;
tarir4b2     =          3.712751943914613e-24 ;
tarir6b2     =          5.068842128277162e-24 ;
tarir8b2     =          7.144098324320687e-23 ;
tarir3b1     =          6.956915736866802e-25 ;
tarir7b1     =          2.114592557995645e-24 ;
tarir3b2     =          1.013732465931328e-24 ;
tarir7b2     =          1.301452431230188e-24 ;
tarir1b1     =          9.855400610546231e-22 ;
tarir5b1     =          9.855400610546231e-22 ;
tarir1b2     =          9.855400610546231e-22 ;
tarir5b2     =          9.855400610546231e-22 ;
tarsqueeze   =          4.127536840071235e-21 ;
