tararc12     =          4.642249211999349e-25 ;
tararc23     =                              0 ;
tararc34     =          3.940360221578954e-27 ;
tararc45     =          7.888609052210118e-31 ;
tararc56     =          9.246238670095479e-27 ;
tararc67     =                              0 ;
tararc78     =           4.29574205938102e-26 ;
tararc81     =          1.577721810442024e-30 ;
tarir2b1     =          5.583544029861081e-24 ;
tarir4b1     =          1.484817433120464e-23 ;
tarir6b1     =          1.250439076081384e-23 ;
tarir8b1     =          7.144098324320687e-23 ;
tarir2b2     =          5.583544029861081e-24 ;
tarir4b2     =          3.712751943914613e-24 ;
tarir6b2     =          2.197520961748275e-24 ;
tarir8b2     =          7.144098324320687e-23 ;
tarir3b1     =          6.956915736866802e-25 ;
tarir7b1     =          2.114592557995645e-24 ;
tarir3b2     =          1.013732465931328e-24 ;
tarir7b2     =          1.301452431230188e-24 ;
tarir1b1     =          9.855400610546231e-22 ;
tarir5b1     =          9.855400610546231e-22 ;
tarir1b2     =          9.855400610546231e-22 ;
tarir5b2     =          9.855400610546231e-22 ;
tarsqueeze   =          4.134597605791153e-21 ;
