! opt_ir6b2v2s2.madx
 kqt13.l6b2   =     -0.005062089189335 ;
 kqt12.l6b2   =      0.000927127663921 ;
 kqtl11.l6b2  =      0.001321691807959 ;
 kq10.l6b2    =      0.006845630113168 ;
 kq9.l6b2     =     -0.004448175282535 ;
 kq8.l6b2     =      0.006966070639926 ;
 kq5.l6b2     =     -0.005727315079401 ;
 kq4.l6b2     =      0.005389339348829 ;
 kq4.r6b2     =     -0.004833837730000 ;
 kq5.r6b2     =      0.005828834391031 ;
 kq8.r6b2     =     -0.002923726029495 ;
 kq9.r6b2     =      0.005469678415133 ;
 kq10.r6b2    =     -0.004683138058529 ;
 kqtl11.r6b2  =      0.000702275740153 ;
 kqt12.r6b2   =     -0.005049431346546 ;
 kqt13.r6b2   =     -0.003768416923825 ;
 bx_tcdq      =    450.000000000000000 ;
 by_tcdq      =    180.000000000000000 ;
 ax_tcdq      =      1.353114572133336 ;
 ay_tcdq      =      0.300000000000055 ;
 bx_tcdq_n    =    450.000000000001478 ;
 by_tcdq_n    =    180.000000000000369 ;
 ax_tcdq_n    =      1.353114572133343 ;
 ay_tcdq_n    =      0.300000000000052 ;
 dx_tcdq_n    =     -0.008178104196239 ;
 dpx_tcdq_n   =     -0.000000329093958 ;
 bx_mkdh    =    416.668487321252428 ;
 by_mkdh    =    342.268711060636122 ;
 ax_mkdh    =     -6.047576519321369 ;
 ay_mkdh    =      6.138062460757375 ;
 dx_mkdh    =     -0.010790704187649 ;
 dpx_mkdh   =     -0.000137731096528 ;
