! betablock.ir6
 kqt13.l6b2   =       0.002429859488 ;
 kqt12.l6b2   =      -0.003333127985 ;
 kqtl11.l6b2  =      -0.002374326615 ;
 kq10.l6b2    =       0.007472016851 ;
 kq9.l6b2     =      -0.006609670834 ;
 kq8.l6b2     =       0.005153902446 ;
 kq5.l6b2     =      -0.007297962441 ;
 kq4.l6b2     =       0.004982628518 ;
 kq4.r6b2     =       -0.00483383773 ;
 kq5.r6b2     =       0.005901384839 ;
 kq8.r6b2     =      -0.004424009031 ;
 kq9.r6b2     =         0.0048125346 ;
 kq10.r6b2    =      -0.006038377791 ;
 kqtl11.r6b2  =      0.0001308295543 ;
 kqt12.r6b2   =       0.005086034285 ;
 kqt13.r6b2   =       0.005078653622 ;
