! betablock.ir6
 kqt13.l6b2   =       0.002197826601 ;
 kqt12.l6b2   =      -0.003389398035 ;
 kqtl11.l6b2  =      -0.002345485677 ;
 kq10.l6b2    =       0.007502708922 ;
 kq9.l6b2     =       -0.00666490432 ;
 kq8.l6b2     =       0.005155710909 ;
 kq5.l6b2     =      -0.007305770112 ;
 kq4.l6b2     =       0.004996985724 ;
 kq4.r6b2     =       -0.00483383773 ;
 kq5.r6b2     =       0.005884957867 ;
 kq8.r6b2     =        -0.0040856913 ;
 kq9.r6b2     =       0.005331156799 ;
 kq10.r6b2    =      -0.006072819918 ;
 kqtl11.r6b2  =      0.0001823164858 ;
 kqt12.r6b2   =        0.00508102554 ;
 kqt13.r6b2   =       -0.00324558068 ;
