! betablock.ir6
 kqt13.l6b2   =        0.00253581326 ;
 kqt12.l6b2   =      -0.002562462411 ;
 kqtl11.l6b2  =      -0.002497114992 ;
 kq10.l6b2    =        0.00738137986 ;
 kq9.l6b2     =      -0.006649682352 ;
 kq8.l6b2     =       0.005165456259 ;
 kq5.l6b2     =      -0.007349154894 ;
 kq4.l6b2     =       0.004755346461 ;
 kq4.r6b2     =       -0.00483383773 ;
 kq5.r6b2     =                    0 ;
 kq8.r6b2     =                    0 ;
 kq9.r6b2     =                    0 ;
 kq10.r6b2    =                    0 ;
 kqtl11.r6b2  =                    0 ;
 kqt12.r6b2   =                    0 ;
 kqt13.r6b2   =                    0 ;
