! opt_ir6b2v2s3.madx
 kqt13.l6b2   =     -0.004730683380910 ;
 kqt12.l6b2   =      0.001616860817118 ;
 kqtl11.l6b2  =      0.002812111848507 ;
 kq10.l6b2    =      0.006896147051902 ;
 kq9.l6b2     =     -0.006544939258598 ;
 kq8.l6b2     =      0.008395256575435 ;
 kq5.l6b2     =     -0.007609297001267 ;
 kq4.l6b2     =      0.005813430138542 ;
 kq4.r6b2     =     -0.004833837730000 ;
 kq5.r6b2     =      0.005885313393328 ;
 kq8.r6b2     =     -0.002534910242231 ;
 kq9.r6b2     =      0.005560277107118 ;
 kq10.r6b2    =     -0.005482951586693 ;
 kqtl11.r6b2  =      0.000711730772700 ;
 kqt12.r6b2   =     -0.003618454782796 ;
 kqt13.r6b2   =     -0.005062593689539 ;
 bx_mkdh    =    187.500820310772980 ;
 by_mkdh    =    541.049227992509259 ;
 ax_mkdh    =     -2.721483030849558 ;
 ay_mkdh    =      8.432128088960864 ;
 dx_mkdh    =     -0.347587700067387 ;
 dpx_mkdh   =     -0.005044929650947 ;
