tararc12     =          4.366037454645264e-25 ;
tararc23     =          1.989441469858386e-12 ;
tararc34     =          6.770446472609088e-13 ;
tararc45     =          7.888609052210118e-31 ;
tararc56     =          9.246238670095479e-27 ;
tararc67     =           1.42977962513778e-24 ;
tararc78     =          3.760737109065006e-09 ;
tararc81     =          1.577721810442024e-30 ;
tarir2b1     =          3.733609042676567e-22 ;
tarir4b1     =          1.562287593267676e-21 ;
tarir6b1     =           1.20786942894016e-25 ;
tarir8b1     =          5.303331156108264e-24 ;
tarir2b2     =          3.733609042676567e-22 ;
tarir4b2     =          6.123540596041662e-23 ;
tarir6b2     =          4.578315010085541e-22 ;
tarir8b2     =          5.303331156108264e-24 ;
tarir3b1     =          7.796010168406954e-23 ;
tarir7b1     =          2.387294479822233e-25 ;
tarir3b2     =          7.930366679043146e-23 ;
tarir7b2     =          2.154750996889563e-24 ;
tarir1b1     =          9.855400610546231e-22 ;
tarir5b1     =          9.855400610546231e-22 ;
tarir1b2     =          9.855400610546231e-22 ;
tarir5b2     =          9.855400610546231e-22 ;
tarsqueeze   =          6.940621251164935e-21 ;
