! opt_ir6b2v2s2.madx
 kqt13.l6b2   =      0.005062594113457 ;
 kqt12.l6b2   =     -0.000863081758536 ;
 kqtl11.l6b2  =      0.001986874742588 ;
 kq10.l6b2    =      0.007013029685477 ;
 kq9.l6b2     =     -0.004894553991295 ;
 kq8.l6b2     =      0.007541281046899 ;
 kq5.l6b2     =     -0.005984002797491 ;
 kq4.l6b2     =      0.005520276314393 ;
 kq4.r6b2     =     -0.004833837730000 ;
 kq5.r6b2     =      0.005828834391031 ;
 kq8.r6b2     =     -0.002923726029495 ;
 kq9.r6b2     =      0.005469678415133 ;
 kq10.r6b2    =     -0.004683138058529 ;
 kqtl11.r6b2  =      0.000702275740153 ;
 kqt12.r6b2   =     -0.005049431346546 ;
 kqt13.r6b2   =     -0.003768416923825 ;
 bx_tcdq      =    450.000000000000000 ;
 by_tcdq      =    180.000000000000000 ;
 ax_tcdq      =      1.353114572133336 ;
 ay_tcdq      =      0.300000000000055 ;
 bx_tcdq_n    =    449.999999999997897 ;
 by_tcdq_n    =    180.000000000000938 ;
 ax_tcdq_n    =      1.353114572133334 ;
 ay_tcdq_n    =      0.300000000000054 ;
 dx_tcdq_n    =      0.009999939543954 ;
 dpx_tcdq_n   =      0.000000999700839 ;
 bx_mkdh    =    416.668487321255554 ;
 by_mkdh    =    342.268711060634757 ;
 ax_mkdh    =     -6.047576519321416 ;
 ay_mkdh    =      6.138062460757346 ;
 dx_mkdh    =      0.013453184878949 ;
 dpx_mkdh   =      0.000172167322059 ;
