! opt_ir6b2v2s3.madx
 kqt13.l6b2   =      0.005062594113457 ;
 kqt12.l6b2   =     -0.000863081758536 ;
 kqtl11.l6b2  =      0.001986874742588 ;
 kq10.l6b2    =      0.007013029685477 ;
 kq9.l6b2     =     -0.004894553991295 ;
 kq8.l6b2     =      0.007541281046899 ;
 kq5.l6b2     =     -0.005984002797491 ;
 kq4.l6b2     =      0.005520276314393 ;
 kq4.r6b2     =     -0.004833837730000 ;
 kq5.r6b2     =      0.006379818499837 ;
 kq8.r6b2     =     -0.003632754472521 ;
 kq9.r6b2     =      0.006762260502713 ;
 kq10.r6b2    =     -0.006176564209010 ;
 kqtl11.r6b2  =      0.000733908416948 ;
 kqt12.r6b2   =      0.005037153942032 ;
 kqt13.r6b2   =      0.001324145243392 ;
 bx_mkdh    =    416.668487321255554 ;
 by_mkdh    =    342.268711060634757 ;
 ax_mkdh    =     -6.047576519321416 ;
 ay_mkdh    =      6.138062460757346 ;
 dx_mkdh    =      0.013453184878949 ;
 dpx_mkdh   =      0.000172167322059 ;
