tararc12     =          4.463966647419401e-25 ;
tararc23     =          7.888609052210118e-31 ;
tararc34     =          3.187786917998109e-27 ;
tararc45     =          7.888609052210118e-31 ;
tararc56     =          9.246238670095479e-27 ;
tararc67     =          1.577721810442024e-30 ;
tararc78     =          4.141914182862922e-26 ;
tararc81     =          1.577721810442024e-30 ;
tarir2b1     =          8.771535316712076e-22 ;
tarir4b1     =          1.324942076079156e-07 ;
tarir6b1     =           5.65399943918732e-24 ;
tarir8b1     =          1.759671356865405e-23 ;
tarir2b2     =          8.771535316712076e-22 ;
tarir4b2     =          1.519419178808336e-22 ;
tarir6b2     =          1.779610714388738e-21 ;
tarir8b2     =          1.759671356865405e-23 ;
tarir3b1     =          4.904900111429015e-25 ;
tarir7b1     =          8.281355898571661e-24 ;
tarir3b2     =          3.470558905280883e-24 ;
tarir7b2     =          6.281578564257527e-23 ;
tarir1b1     =          1.064324292955995e-21 ;
tarir5b1     =          1.064324292955995e-21 ;
tarir1b2     =          1.064324292955995e-21 ;
tarir5b2     =          1.064324292955995e-21 ;
tarsqueeze   =          1.324942076079236e-07 ;
