tararc12     =          4.588717110971051e-25 ;
tararc23     =          2.408392343639749e-27 ;
tararc34     =          1.460181535564093e-27 ;
tararc45     =          9.561783032183884e-27 ;
tararc56     =           8.45185573853792e-27 ;
tararc67     =          2.129924444096732e-29 ;
tararc78     =          4.384331139037339e-26 ;
tararc81     =          2.107733786832865e-25 ;
tarir2b1     =          4.710149598054166e-23 ;
tarir4b1     =          1.412093750757165e-23 ;
tarir6b1     =           7.60844158901725e-24 ;
tarir8b1     =          1.359941490973404e-23 ;
tarir2b2     =          4.710149598054166e-23 ;
tarir4b2     =          8.834302831561541e-21 ;
tarir6b2     =          4.969819680503426e-24 ;
tarir8b2     =          1.359941490973404e-23 ;
tarir3b1     =            5.3426061185286e-25 ;
tarir7b1     =          8.281355898571661e-24 ;
tarir3b2     =          3.470362177555595e-24 ;
tarir7b2     =          6.281578564257527e-23 ;
tarir1b1     =          1.064324292955995e-21 ;
tarir5b1     =          1.064324292955995e-21 ;
tarir1b2     =          1.064324292955995e-21 ;
tarir5b2     =          1.064324292955995e-21 ;
tarsqueeze   =          1.331480278827372e-20 ;
