tararc12     =          4.461371295041223e-25 ;
tararc23     =                              0 ;
tararc34     =          3.940360221578954e-27 ;
tararc45     =          7.888609052210118e-31 ;
tararc56     =          9.246238670095479e-27 ;
tararc67     =                              0 ;
tararc78     =           4.29574205938102e-26 ;
tararc81     =          1.577721810442024e-30 ;
tarir2b1     =          3.876906458899255e-25 ;
tarir4b1     =          7.631269273053447e-25 ;
tarir6b1     =          3.717234474534434e-24 ;
tarir8b1     =          3.999857917631272e-24 ;
tarir2b2     =          3.876906458899255e-25 ;
tarir4b2     =          3.225039790857363e-23 ;
tarir6b2     =          6.467850306179627e-24 ;
tarir8b2     =          3.999857917631272e-24 ;
tarir3b1     =          6.956915736866802e-25 ;
tarir7b1     =          2.114592557995645e-24 ;
tarir3b2     =          1.013732465931328e-24 ;
tarir7b2     =          1.301452431230188e-24 ;
tarir1b1     =          9.855400610546231e-22 ;
tarir5b1     =          9.855400610546231e-22 ;
tarir1b2     =          9.855400610546231e-22 ;
tarir5b2     =          9.855400610546231e-22 ;
tarsqueeze   =          3.999259419990971e-21 ;
