tararc12     =          4.375740443779483e-25 ;
tararc23     =                              0 ;
tararc34     =          3.940360221578954e-27 ;
tararc45     =          7.888609052210118e-31 ;
tararc56     =          9.246238670095479e-27 ;
tararc67     =                              0 ;
tararc78     =           4.29574205938102e-26 ;
tararc81     =          1.577721810442024e-30 ;
tarir2b1     =          3.860371129063071e-24 ;
tarir4b1     =          1.099041058967736e-16 ;
tarir6b1     =          2.998983654070008e-23 ;
tarir8b1     =          3.287952024310274e-22 ;
tarir2b2     =          3.860371129063071e-24 ;
tarir4b2     =          1.289713997414229e-22 ;
tarir6b2     =          0.0001827849351835504 ;
tarir8b2     =          3.287952024310274e-22 ;
tarir3b1     =          6.956915736866802e-25 ;
tarir7b1     =          2.114592557995645e-24 ;
tarir3b2     =          1.013732465931328e-24 ;
tarir7b2     =          1.301452431230188e-24 ;
tarir1b1     =          9.855400610546231e-22 ;
tarir5b1     =          9.855400610546231e-22 ;
tarir1b2     =          9.855400610546231e-22 ;
tarir5b2     =          9.855400610546231e-22 ;
tarsqueeze   =          0.0001827849351836603 ;
