tararc12     =           4.58453614817338e-25 ;
tararc23     =                              0 ;
tararc34     =          3.940360221578954e-27 ;
tararc45     =          7.888609052210118e-31 ;
tararc56     =          9.246238670095479e-27 ;
tararc67     =                              0 ;
tararc78     =           4.29574205938102e-26 ;
tararc81     =          1.577721810442024e-30 ;
tarir2b1     =          3.878490307399336e-24 ;
tarir4b1     =          6.393765363880275e-24 ;
tarir6b1     =          4.928023641587474e-24 ;
tarir8b1     =          4.179456046336602e-23 ;
tarir2b2     =          3.878490307399336e-24 ;
tarir4b2     =          1.270797272522752e-21 ;
tarir6b2     =          2.331423706062812e-21 ;
tarir8b2     =          4.179456046336602e-23 ;
tarir3b1     =          6.956915736866802e-25 ;
tarir7b1     =          2.114592557995645e-24 ;
tarir3b2     =          1.013732465931328e-24 ;
tarir7b2     =          1.301452431230188e-24 ;
tarir1b1     =          9.855400610546231e-22 ;
tarir5b1     =          9.855400610546231e-22 ;
tarir1b2     =          9.855400610546231e-22 ;
tarir5b2     =          9.855400610546231e-22 ;
tarsqueeze   =          7.652174582379898e-21 ;
