tararc12     =          4.626645543294078e-25 ;
tararc23     =                              0 ;
tararc34     =          3.940360221578954e-27 ;
tararc45     =          7.888609052210118e-31 ;
tararc56     =          9.246238670095479e-27 ;
tararc67     =                              0 ;
tararc78     =           4.29574205938102e-26 ;
tararc81     =          1.577721810442024e-30 ;
tarir2b1     =           3.69231572915226e-24 ;
tarir4b1     =           2.98297072073251e-22 ;
tarir6b1     =          2.551870174638472e-23 ;
tarir8b1     =           1.26558480171324e-22 ;
tarir2b2     =           3.69231572915226e-24 ;
tarir4b2     =          6.799348868294543e-25 ;
tarir6b2     =          4.892153473594804e-10 ;
tarir8b2     =           1.26558480171324e-22 ;
tarir3b1     =          6.956915736866802e-25 ;
tarir7b1     =          2.114592557995645e-24 ;
tarir3b2     =          1.013732465931328e-24 ;
tarir7b2     =          1.301452431230188e-24 ;
tarir1b1     =          9.855400610546231e-22 ;
tarir5b1     =          9.855400610546231e-22 ;
tarir1b2     =          9.855400610546231e-22 ;
tarir5b2     =          9.855400610546231e-22 ;
tarsqueeze   =           4.89215347364013e-10 ;
